3.109099 584.7780914172743
4.398722 414.07288617017423
5.008945 678.0009573447481
5.519955 395.1013435655681
6.022137 526.0596266977909
6.691138 302.25839591604665
7.087327 335.3024488701221
7.135996 559.315826999504
7.944873 212.96357245384087
8.186188 404.0550146519145
8.655998 524.3415361261007
8.813555 426.15499769673795
9.281815 564.975844393011
9.346960 379.4341209325357
9.901851 162.63958547479277
10.181800 348.66960723587533
10.339187 475.5044398277557
10.358568 329.6925466237344
10.699767 459.7849568943411
10.975137 495.6743370537921
11.318359 469.83833426017543
11.451844 479.93182861328023
11.707237 616.3955911951695
12.064255 311.31189583236943
12.279979 486.27613321338475
12.489266 527.0353699997213
12.496536 302.16145459490446
12.698005 213.4557308198135
13.029397 335.81430259787237
13.303437 429.31505637987107
13.394348 717.8949607007098
13.514345 171.69400220258424
13.568480 909.5632504495608
13.612752 779.8017284655623
14.018092 202.2593667478982
14.128877 161.89455103893306
14.651234 545.3483414121223
14.692681 551.5024206594611
14.731723 398.54158672590574
14.769364 537.7778371447771
14.878767 56.49608144788847
15.128603 547.0319564775638
15.213203 489.7045741884671
15.516722 413.7113082567628
15.699415 594.3628289658495
15.709594 262.5593502080304
15.794373 953.1624397940175
15.874341 621.3807041946114
15.958479 738.1598643301301
16.183331 590.6734634597775
16.263643 846.3129232431353
16.536529 783.4818696215603
16.831464 632.8722818019319
16.839624 423.82140018151944
16.980962 562.0728261359006
17.048356 570.7062856382832
17.219440 117.10322576293794
17.322628 504.2562096059015
17.345927 228.798077881404
17.816336 346.92702701091525
17.982681 529.0891093115
18.070517 358.33811035130884
18.139159 568.3884086264942
18.329960 527.1353748378127
18.346470 886.5185162591843
18.496898 553.443183370648
18.511225 159.72703811583912
19.015655 518.6281163126523
19.125158 389.50446555925555
19.139790 498.46952321323135
19.215268 411.6716440396925
19.495994 152.6541505382764
19.511060 350.0425088146666
19.548605 682.4892175120539
19.598907 424.7720684495
20.182296 305.14938415163743
20.326800 319.37697187102987
20.372370 504.63258124323596
20.527822 506.89261811473654
20.537651 864.0244653999828
20.582973 514.3240589786539
21.023273 248.5316278733439
21.250322 499.98790880933115
21.416675 461.81548124000267
21.557670 432.2144420156722
21.588106 502.69871703628746
21.604558 609.8361134436229
21.627465 423.8722142998121
22.100565 339.75026188608933
22.118862 160.64408966155383
22.326116 908.1664489239967
22.571752 461.4409159943576
22.603105 699.5030448094953
22.699452 485.8921323994543
22.807959 601.4433319081326
22.984693 185.70122816133338
23.103937 705.6203442170738
23.168690 759.1722854879617
23.485888 230.21763217408304
23.742090 390.6986005131403
23.761377 447.1993799969657
23.779666 658.2026067218923
23.989192 708.8115929783054
24.092977 276.26088245602347
24.181674 411.0466262052427
24.723393 573.7346324306287
24.777418 600.7761209152931
24.806750 604.62400726107
24.910855 509.13659433132113
25.069102 407.5783578171126
25.115026 692.7251467881562
25.327800 331.6896086364963
25.491392 405.4307465236187
25.842865 748.9818515281263
25.845445 393.9209859953691
25.932468 473.4761476940646
26.094655 449.4006958816663
26.108325 342.5634056923663
26.220500 400.73308094086
26.428420 885.8639219796995
26.493062 442.2612642247299
26.942418 614.8821171491461
26.954084 716.3298751242814
27.155917 585.1521904936067
27.259521 854.6508596091436
27.478103 519.0625151646695
27.689840 560.476594303401
27.808509 200.6922948796558
27.966020 124.49459453503647
28.020826 581.2092427805584
28.145313 367.4465990302679
28.246794 162.25462279973615
28.701347 439.9375189890842
28.779466 408.5674404728012
28.830203 346.4831654648055
29.036644 113.56776646880814
29.063069 401.98725246448873
29.103913 328.689844148983
29.489930 356.3572569985447
29.514119 454.4105912555744
29.722465 520.9970029540842
30.026174 444.82736700250786
30.055522 608.5116567489335
30.070173 480.35711442354136
30.102287 512.8856757691804
30.201059 321.7439997983381
30.554573 766.012528024902
30.781554 205.1678292634754
31.071130 532.4948394379321
31.085644 389.5307938578963
31.127368 323.2850599339908
31.360115 476.0109293831799
31.473564 419.6448589550727
31.854176 660.9977678978274
32.375804 292.6591372098071
32.382269 353.8128571930688
32.431450 521.9325039075412
32.440227 392.0023430283642
32.481279 148.8025279070455
32.519355 508.70566188374113
32.727232 389.87155307960927
33.037465 450.4393913933179
33.467336 407.6838821750913
33.474845 597.089421579571
33.602661 457.66044596348223
33.634220 769.3365419113786
33.644999 472.6181541293226
33.794397 125.34276881247052
34.263888 360.39787962180316
34.486890 302.8997511158057
34.575413 481.01337869568744
34.624486 609.6933958180942
34.678895 423.0985302441073
34.679596 513.2471453308328
34.685796 659.8120799449351
34.933765 699.5113026122807
35.574901 650.7289844716066
35.580045 471.0677017903326
35.617560 683.2043870114628
35.718257 255.9259495275158
35.771977 616.9985713466491
35.804568 791.1255299876698
36.164360 216.15557988100335
36.285587 277.53632722941614
36.768056 539.7676406675666
36.841488 392.61789204625774
36.946418 907.6659673785547
36.955981 770.363100736477
37.351145 199.85999123502287
37.354426 298.69568710937784
37.403447 238.84911105485227
37.448555 485.1309079492882
37.957082 523.1183427088066
37.974393 173.158598692728
38.008513 253.67211154078944
38.045037 295.7915332159548
38.437427 573.5155155612133
38.472239 608.5821181921018
38.582547 360.7138407061779
38.692331 411.984345458013
39.040166 249.58214813573676
39.047854 769.7183478222371
39.172876 391.90029119574166
39.272545 269.86630998112355
39.503180 172.65791335353185
39.640829 220.20903294624557
39.752080 227.4411602938652
39.838877 542.499002487439
40.162912 475.61667190821646
40.188218 438.2754567283872
40.267008 508.55041525438975
40.375928 644.3818316809005
40.627115 553.4126767082594
40.765611 351.24769680540254
40.784391 466.961579718004
41.143749 339.4970775769971
41.175822 174.74394997710934
41.254537 582.3773247242126
41.379014 352.91130462395444
41.465403 667.5585901751538
41.754865 393.7039734637314
41.873736 649.932279443323
41.910454 464.6921103314074
42.249277 640.4181811241473
42.427229 425.1214335059067
42.675696 512.2731294958643
42.689368 556.8600437645197
42.708131 467.22721770620393
42.881791 783.5478252333356
43.123439 142.4338773813428
43.215371 544.0960663536637
43.662491 501.9184266997204
43.722824 601.8642637532595
44.016066 407.51305161933266
44.019528 312.9017639504981
44.029930 249.34646134862078
44.032223 326.56865066804085
44.163086 428.0297583106166
44.228957 175.61405775989354
44.762569 806.3056852676143
44.849863 393.0656335404423
45.039472 347.0782194559966
45.054538 348.2293365585337
45.055597 511.7684318490609
45.236285 440.16925200442074
45.264707 402.1346173407662
45.270411 597.2413419871301
45.877604 603.2647166013363
46.040673 484.3116526024059
46.051978 439.5032543625601
46.057643 798.366835725183
46.080637 172.49806111805722
46.305603 425.5948971032797
46.359931 488.2890717523763
46.434853 367.9389683240637
47.075482 430.03090335817416
47.168269 238.6040759460791
47.173540 811.6053183104392
47.258762 515.4194908783138
47.398632 466.789553163855
47.476225 1023.6490415269998
47.568083 422.97986644102787
47.610458 284.6799462583204
48.270620 669.3787788473124
48.292331 427.64446326753097
48.308559 312.76810600244295
48.320036 539.1716555644336
48.412091 699.5841530306609
48.634044 85.97219531942586
48.750214 598.068336596917
48.775014 410.3824298569953
49.325315 506.30699077427215
49.353954 255.40774041935177
49.453896 256.28607541344894
49.466213 529.8655375789485
49.496454 527.0237419929623
49.893909 619.0464861177877
50.028029 211.49016110492607
50.418679 243.2859120347151
50.434645 343.2188262436731
50.501247 513.9928062144356
50.574806 436.5774929706299
50.577833 235.77821259293324
50.669858 225.83858347310792
50.996113 645.978371954534
51.179458 460.2975249324767
51.562040 418.5554870550995
51.620324 512.2346580601959
51.633132 297.041116252422
51.650771 576.2551567183775
51.710758 858.3107375356515
51.910628 286.11274238998953
52.019450 518.8908269331355
52.342824 685.9402960910238
52.638109 611.1315637579365
52.689847 170.34379308691186
52.733964 643.149916919777
52.824810 352.3995675590764
53.078252 912.1088813197454
53.103984 127.76178982092995
53.208560 747.6171913189269
53.546757 443.546189032058
53.817466 394.63658083804484
53.849369 780.8237335338928
53.933410 409.9431120348676
53.992153 282.9469599121961
54.150996 425.01606620218024
54.387652 524.9804823325113
54.491206 314.23515644760755
54.597794 592.7477484875362
54.911306 583.8392504136093
55.001635 600.4219944724496
55.212545 419.1989456607891
55.221658 482.0495707352661
55.543123 305.503100963458
55.607418 527.9190529986738
55.859750 322.971127092673
55.877545 188.8199399184311
55.918779 706.7180278925003
56.186752 599.940641457553
56.225624 700.8328550042867
56.620063 350.56773744841763
56.760579 400.9306041786315
56.868544 351.90548656913535
56.896124 657.0577301904403
56.948792 516.498293129836
56.977100 888.542031595034
57.237612 338.76994275153373
57.271915 253.27570644925407
57.784023 605.7974340714111
57.885740 559.3838030079266
58.019675 462.1543070366713
58.172143 579.5561140667248
58.189133 219.4655770545695
58.312940 331.0618173884741
58.442856 451.77400251991537
58.540798 162.34219657905186
59.058671 684.3143281597002
59.186422 408.24966414165715
59.279689 486.9083827345
59.450523 791.9284223845908
59.476744 339.5670629154522
59.611287 580.1087547405809
59.638778 191.39995007330893
59.737518 248.49444245285198
60.108434 505.82859053232505
60.336263 586.8017933042632
60.602599 629.7448346300185
60.649460 1023.9136949509865
60.655822 442.2132603605097
60.777317 223.14383909307244
60.939355 408.28027342174613
61.353483 347.0243169564768
61.423955 263.8699764809934
61.460624 459.25457546423775
61.709905 502.61926315496015
61.941489 398.0907207719765
61.974071 370.1682725887959
62.050513 253.81992535751942
62.215280 557.2431315113535
62.429883 658.677483960338
62.514002 244.0263080420631
62.632149 530.9320123547667
62.761011 508.0361933186486
62.969545 346.28475006134073
63.076474 482.58154741783795
63.311337 649.6010065261491
63.580973 164.95303760861532
63.818758 448.5644831807935
63.831720 444.3254638998634
63.898118 289.02259381117796
64.014745 495.3206173806071
64.022044 757.2444771849897
64.165355 405.9215689623272
64.587516 347.91349087672654
65.020127 883.2467333637508
65.028515 550.5879889719682
65.029883 370.56697172639184
65.065086 531.2912976474778
65.219892 337.5888185754174
65.396419 259.02690047523265
65.466825 430.20064610497593
65.610616 173.9810146036312
66.096485 658.7030165213927
66.224800 223.4480493075356
66.269490 428.6952950274014
66.326738 421.66944892153845
66.755744 347.6914346442663
66.857296 241.63552691319566
66.875441 139.94029625672542
67.219602 303.5185076164945
67.275154 705.0072654287826
67.547347 403.76448904760787
67.564947 285.8966951879751
67.658159 624.9697646249501
67.892414 348.0922388968768
67.938327 224.93002498718786
67.957861 643.3066604507399
68.362752 488.2318267441843
68.604686 587.3230889121594
68.872261 948.5104430423609
68.897898 317.5840539441304
69.170982 431.588791691658
69.260015 55.56056653483004
69.311844 327.182740396315
69.405970 293.34867639764167
69.454172 243.71888653669168
69.887389 208.1540833550029
69.954456 503.52140942776185
69.988798 635.8946816379591
70.268715 441.1621464728117
70.269051 566.4484532982285
70.579328 909.6767268411143
70.626507 379.58451754449294
70.638852 432.32019282610764
71.033963 510.92408217640644
71.048082 535.0251184191607
71.316022 521.4588105344646
71.326300 418.8783882549363
71.636138 176.3021742292717
71.727659 568.5124602975617
71.738788 460.5585360060948
71.777391 412.37396543234854
72.072347 168.53122463575946
72.349743 520.79122402816
72.404153 244.45555020444974
72.511434 485.18736525993916
72.764307 346.1663013151492
72.858501 471.3302246739734
73.230570 612.450508796203
73.277229 442.3666545631915
73.378161 346.16272547245876
73.737919 533.8272569073588
73.879483 347.70494287769924
73.880170 638.0707035830396
73.935236 192.68426014993494
74.184892 265.91661731244125
74.487964 640.6553656052416
74.571484 618.1164325963522
74.762698 260.5456572938437
74.774300 287.6162133251952
75.013970 703.4010878055947
75.014119 548.5258769535866
75.370039 370.0876764528619
75.554102 416.4558360520901
75.594057 347.16307603636943
75.625942 494.0836662140019
76.057008 549.3244669730227
76.130977 328.00570229146075
76.234050 727.0906540644185
76.333646 269.76315142409663
76.442109 494.36690920428714
76.575076 695.4147575364765
76.598616 617.1860767968686
76.707788 493.6009709120857
77.396930 502.2179206203778
77.418139 449.2905723609459
77.515464 248.75275195763993
77.570773 233.8539111978483
77.780305 160.67152159463828
77.850808 385.8203713719729
78.013911 494.8453120637359
78.025954 311.0688095331557
78.599497 370.0417947826804
78.627610 334.0154565042456
78.658859 284.5121016518385
78.679166 532.7824426542537
78.842260 667.6365915743522
78.852746 354.3128821888628
79.023350 352.67064030799025
79.354617 467.38710135287056
79.654647 504.1938151476663
79.705765 690.6296604402827
79.745049 317.69071059867343
79.855200 531.6951974232013
80.018335 196.4006345827983
80.172136 308.1516252230534
80.301000 305.05774058577407
80.612956 352.8463138325376
80.681527 517.0998495258125
80.873069 391.8373387187966
80.970965 490.04169315084704
81.077038 364.2058291968746
81.106511 733.330819264179
81.347739 594.2266630830414
81.376601 513.9201385933457
81.693353 821.9198109241611
81.942092 562.4465048541853
82.119307 766.5970801019583
82.123407 283.92310127185704
82.292394 404.10782687957027
82.354354 441.08185662283256
82.385828 624.5521712059037
82.415333 853.9260973072626
83.078484 703.9826517946983
83.185468 586.5951374397029
83.276195 224.28007438557043
83.361117 581.0669422239831
83.389091 559.14949434524
83.441166 776.929299267871
83.509318 229.44448160176108
83.531212 465.34579937270144
84.186235 559.6926205339195
84.341470 615.9163737310822
84.447058 672.0441336340479
84.565969 771.1963421880836
84.668862 539.8609033200446
84.751898 239.2080634023885
84.762289 202.10076965389396
84.890517 192.58621297386182
85.252305 584.3892183763423
85.484939 620.9176540057081
85.793996 427.44711737666825
85.815444 195.12024240730483
85.998711 433.4348113682122
86.066449 302.7387343695955
86.125988 487.94892992885826
86.590532 860.8401717961002
86.606305 382.87150947595325
86.615181 864.4156517424857
87.011912 593.4142870294611
87.081435 480.02261370185295
87.144977 410.7449522788441
87.239296 501.37584915697363
87.363033 215.83580215743453
87.624003 528.3401358968657
87.749750 543.0956380750782
87.953832 518.5946449988405
88.123536 317.5531442084739
88.265857 693.5783465011313
88.279040 626.9533794701817
88.439353 654.6791548510872
88.918291 284.84032461259176
88.968358 433.7029734428589
89.008198 281.2990018966294
89.200387 393.94143744776386
89.282297 229.5553401094605
89.354668 495.52105067402675
89.595992 692.5242809544344
89.652722 383.59881009521166
89.927323 352.8130521519468
90.095918 706.831728111934
90.109889 562.770983301914
90.287159 655.1460653648913
90.321059 513.1108712352386
90.534981 451.5756381163765
90.782493 630.2203381102998
90.922598 66.33465416002899
91.033938 481.64896369261527
91.240695 862.2179754405391
91.272523 301.7154714044871
91.313007 346.0549545276117
91.472763 537.4644533584565
91.871097 486.85899256783614
92.046257 526.5138298067769
92.122054 279.76140755696565
92.312852 318.6468036825682
92.313539 424.584976891401
92.349181 401.4478804921307
92.377048 499.04107947505105
92.651109 301.2699495663793
93.005870 312.83802502783334
93.292545 228.10787081509292
93.355818 617.904360028943
93.430795 396.5069291954912
93.445698 316.5548585843563
93.540136 611.3035327957467
93.668227 850.6867476173983
94.066242 251.79834172901596
94.098015 183.84045128112515
94.379907 653.8773377349794
94.419445 417.4362955341712
94.589811 613.4523499884186
94.740722 736.3118792435445
94.777733 332.5738871539956
95.092974 602.8835914320618
95.187354 325.88597761224247
95.222042 400.30490020599416
95.466899 168.98168699939703
95.779736 569.3547113985046
95.943974 664.8610197997398
95.960227 375.4780702912838
96.100554 615.3358750014197
96.244997 348.0117429345217
96.257132 213.51614728026388
96.408563 291.5143240410275
96.761755 480.36129567295785
96.787338 440.64987487553805
97.003282 763.14371326332
97.080998 387.85487922993
97.217305 633.9821314810102
97.499605 730.4947856925426
97.532030 413.3540948063467
97.970300 515.4962243060863
98.039415 399.4880892438533
98.333907 283.34089173971984
98.463122 356.3925795393827
98.568454 498.66799611248626
98.591432 196.7745828488783
98.610817 166.09257219132368
98.763283 575.8360915912282
99.056242 325.9840369686838
99.387920 334.9103243197636
99.478565 493.3461625117623
99.622436 589.1933123217063
99.626964 175.17127663193756
99.708735 354.8458806937811
99.767153 264.97454575854476
100.032768 246.99361298232637
100.268225 439.7754174255059
100.403685 523.7424759408258
100.659685 526.6189449886202
100.794809 228.6264149572106
100.798192 756.1078952453895
101.031696 491.08648125013434
101.318922 591.0355157356066
101.442228 377.449054596884
101.442478 254.36247650016315
101.829844 690.1560224420432
101.829900 498.52158580057335
101.876294 570.5158498207138
102.326455 213.5866683507504
102.432590 318.76660115691084
102.636634 166.36153876664372
102.687810 355.72863581591554
102.832872 87.7343269142775
102.967743 290.3939022922668
102.971988 487.3586069091842
102.982739 230.73479263988008
103.424868 404.219370186756
103.494761 167.58119275764628
103.827495 467.67311976419325
103.897681 332.4541865104688
104.064793 243.38014299256872
104.078596 402.12986935760796
104.101664 475.4566169249425
104.525298 430.84388138016556
104.649475 432.794860308091
104.980701 462.1935343550574
105.491478 511.57945962637024
105.561564 240.06069217608166
105.741454 191.99756690053698
105.783011 352.22633152835846
105.971089 267.8530919261462
106.063061 489.6663918373263
106.526610 256.9721339110851
106.820627 824.7056996331946
106.855473 993.9749777134562
107.044543 745.2567397958288
107.194201 312.9587418110369
107.784804 210.61919347417935
107.840584 868.6634061186817
107.925441 662.6365011413236
108.325984 346.484618656319
108.934633 462.6780093503116
109.301518 485.99065310899095
109.327586 378.70544359374213
110.042285 801.6957038892942
110.422510 554.8660715159244
110.422627 486.73943171016026
111.452047 432.23384645026704
111.644009 387.70744051083386
112.676711 603.2768374416763
112.726375 348.4180857679761
113.883911 515.2423693441449
